	Face38.143319	Face32.143355	Face30.143329	Face44.143349	Face17.143354	Face21.143328	Face46.143315	Face13.143318	Face37.143323	Face9.143346	Face10.143341	Face39.143332	Face43.143350	Face18.143342	Face47.143345	Face6.143359	Face26.143322	Face20.143326	Face19.143331	Face8.143357	Face42.143360	Face35.143358	Face12.143333	Face3.143313	Face49.143338	Face14.143311	Face27.143353	Face45.143312	Face23.143337	Face34.143321	Face7.143339	Face24.143324	Face28.143348	Face33.143336	Face15.143344	Face31.143330	Face2.143352	Face11.143343	Face4.143335	Face29.143316	Face50.143317	Face1.143356	Face22.143334	Face25.143320	Face48.143351	Face41.143327	Face36.143314	Face40.143325	Face16.143340
Face38.143319	0.0	0.0613928	0.01666334	0.17522168	0.04140394	0.0574559	0.1308077	0.04641306	0.4780285	0.0730473	0.05501884	0.0590643	0.26368866	0.05417402	0.09885982	0.06767824	0.06486038	0.05902646	0.0566807	0.05963834	0.0672474	0.03604124	0.04613794	0.04288086	0.06501408	0.04632432	0.0347799	0.14235036	0.05743952	0.03015292	0.05978388	0.04760152	0.05444218	0.05799856	0.04568766	0.0565137	0.04630806	0.1229858	0.06763302	0.03187158	0.04398206	0.0580721	0.05367382	0.06529646	0.06196846	0.03372684	0.36277962	0.05290592	0.06036204
Face32.143355	0.0613928	0.0	0.06166418	0.20416676	0.02254194	0.03547906	0.18325654	0.0523729	0.5162231	0.08750942	0.06809588	0.1063881	0.31794386	0.01092242	0.15097966	0.00886796	0.02147254	0.04498218	0.07048178	0.05859738	0.1200018	0.06257996	0.08365534	0.04317386	0.06762968	0.09431624	0.03450674	0.19751368	0.04220056	0.05936288	0.05713496	0.04437568	0.01237226	0.01086292	0.0384153	0.0254961	0.03502402	0.12822716	0.07772918	0.05197854	0.0439539	0.02603858	0.06968634	0.01781418	0.11246298	0.04795084	0.40631106	0.03627904	0.02388996
Face30.143329	0.01666334	0.06166418	0.0	0.1668657	0.04442088	0.04888084	0.1324384	0.04047384	0.4713702	0.06111756	0.05283578	0.0696408	0.26076712	0.05633812	0.09640028	0.06561074	0.0580906	0.0496226	0.04933396	0.04998332	0.06968126	0.03255226	0.04521536	0.04115376	0.0534219	0.04523402	0.0425566	0.14202882	0.05031698	0.03018098	0.05230494	0.04294434	0.05302824	0.0538971	0.04150696	0.05127564	0.04289948	0.11520202	0.05524932	0.026279	0.03925508	0.05507732	0.0490874	0.06065256	0.05671164	0.02713718	0.3575168	0.04867866	0.05629534
Face44.143349	0.17522168	0.20416676	0.1668657	0.0	0.18459662	0.17484542	0.07461474	0.16141538	0.41389018	0.1301991	0.14668832	0.18296734	0.19719878	0.19704374	0.13574658	0.20814556	0.19095478	0.16535706	0.1507105	0.15586266	0.16266268	0.16026484	0.14281842	0.16750158	0.14888232	0.14952724	0.1807175	0.1240292	0.16733384	0.16128564	0.1618212	0.16574548	0.1927949	0.19451732	0.17113238	0.18164102	0.17377254	0.15031092	0.15323238	0.16108954	0.16618958	0.18911178	0.14440606	0.1964219	0.15430762	0.16124024	0.29146478	0.17645664	0.19074904
Face17.143354	0.04140394	0.02254194	0.04442088	0.18459662	0.0	0.03438804	0.16256132	0.0387126	0.50147384	0.07397292	0.0573139	0.08573944	0.29789576	0.01708428	0.1331306	0.02906582	0.02731704	0.0435766	0.05444364	0.0540878	0.1008761	0.04334342	0.06214952	0.0300352	0.06357826	0.07280974	0.01377396	0.17644778	0.0399057	0.0380217	0.05487518	0.0320413	0.01749592	0.0200065	0.02272012	0.0228204	0.02215584	0.12482146	0.06863716	0.03514272	0.03038376	0.0245894	0.0542136	0.02752828	0.09330012	0.03090466	0.38834048	0.02632898	0.02135134
Face21.143328	0.0574559	0.03547906	0.04888084	0.17484542	0.03438804	0.0	0.1577428	0.02762108	0.49650372	0.06144236	0.04559022	0.10094136	0.29156044	0.0339618	0.12912064	0.03887378	0.02472832	0.02111932	0.05167292	0.03177308	0.1076445	0.04408946	0.06476628	0.02489336	0.04275178	0.07116978	0.03834116	0.17331998	0.01992234	0.04561174	0.03736446	0.02454066	0.0274288	0.02758302	0.02347812	0.01682868	0.02035712	0.1121075	0.05134264	0.0345664	0.02460856	0.02582512	0.04858364	0.0325456	0.0938184	0.03094814	0.38258864	0.02606574	0.02305814
Face46.143315	0.1308077	0.18325654	0.1324384	0.07461474	0.16256132	0.1577428	0.0	0.14504056	0.41096752	0.11299224	0.12032842	0.14611824	0.1848422	0.17491424	0.09644	0.18662414	0.1692916	0.152596	0.12596368	0.13196844	0.12000574	0.13974158	0.12101716	0.14451996	0.13280514	0.1099327	0.1585734	0.09087102	0.14948274	0.1384149	0.13453698	0.14300518	0.17151104	0.17312034	0.14900196	0.16051684	0.15134104	0.13243718	0.1306406	0.138648	0.14569144	0.16708592	0.12444152	0.17476948	0.11164428	0.13702662	0.28847572	0.15157886	0.16583282
Face13.143318	0.04641306	0.0523729	0.04047384	0.16141538	0.0387126	0.02762108	0.14504056	0.0	0.48550116	0.05575572	0.03790794	0.08982744	0.27798332	0.04496544	0.12009444	0.05595858	0.043585	0.03365804	0.03963896	0.03095064	0.09749738	0.0305103	0.04805524	0.01985256	0.0417431	0.05654554	0.04051724	0.15435046	0.03061506	0.02904698	0.03353314	0.02283862	0.04111104	0.04276302	0.023727	0.03656424	0.02558332	0.10998442	0.04470416	0.02625848	0.018173	0.03876496	0.03592864	0.0478532	0.08156152	0.02537414	0.36505968	0.03353738	0.03683498
Face37.143323	0.4780285	0.5162231	0.4713702	0.41389018	0.50147384	0.49650372	0.41096752	0.48550116	0.0	0.46618124	0.48009594	0.4775488	0.33064228	0.51350216	0.41230516	0.52024942	0.51235312	0.49658764	0.47329572	0.48425048	0.42862882	0.48126938	0.47063416	0.49396556	0.48324154	0.4586141	0.50029956	0.38401518	0.49507102	0.48138606	0.4834717	0.49269402	0.509675	0.50949782	0.49462204	0.5034418	0.4999264	0.4813347	0.48285132	0.48022352	0.49226804	0.50985952	0.48154352	0.5133666	0.432241	0.48716874	0.14081716	0.49232522	0.50489266
Face9.143346	0.0730473	0.08750942	0.06111756	0.1301991	0.07397292	0.06144236	0.11299224	0.05575572	0.46618124	0.0	0.0359907	0.09024804	0.249603	0.08232984	0.10105676	0.09071398	0.07347244	0.05139252	0.041315	0.04167168	0.09461094	0.05372666	0.044778	0.054673	0.0343921	0.05419026	0.07465164	0.13681014	0.05361582	0.0603369	0.04679462	0.05189174	0.07645092	0.07825034	0.05848808	0.06843716	0.05991688	0.08876334	0.0382698	0.05774112	0.053381	0.0758392	0.03615876	0.0804724	0.07818856	0.05273762	0.35213188	0.05754002	0.07689498
Face10.143341	0.05501884	0.06809588	0.05283578	0.14668832	0.0573139	0.04559022	0.12032842	0.03790794	0.48009594	0.0359907	0.0	0.08516866	0.26278262	0.05928438	0.10974806	0.07076092	0.05495722	0.04357638	0.03038746	0.02863142	0.09292108	0.03725788	0.0396207	0.03388358	0.02714432	0.05420976	0.05506802	0.14655204	0.03976716	0.04270584	0.02640468	0.03652632	0.05826522	0.0583182	0.0387197	0.04859966	0.03907106	0.09714476	0.03597226	0.04699514	0.03439898	0.05215574	0.02766898	0.06052818	0.0811831	0.04013852	0.36160366	0.0494678	0.05349888
Face39.143332	0.0590643	0.1063881	0.0696408	0.18296734	0.08573944	0.10094136	0.14611824	0.08982744	0.4775488	0.09024804	0.08516866	0.0	0.2706792	0.09887756	0.109312	0.1117697	0.10992576	0.1042278	0.0843122	0.096343	0.07597254	0.07244946	0.06950376	0.0861788	0.09783582	0.05978374	0.07536656	0.15068906	0.10140714	0.07231346	0.09565174	0.09070438	0.100999	0.10191546	0.0883494	0.10075572	0.0900332	0.13349322	0.09519136	0.07680468	0.087247	0.10235904	0.08570672	0.11036324	0.07200476	0.07865074	0.36382164	0.09737706	0.10176906
Face43.143350	0.26368866	0.31794386	0.26076712	0.19719878	0.29789576	0.29156044	0.1848422	0.27798332	0.33064228	0.249603	0.26278262	0.2706792	0.0	0.31030612	0.17461564	0.32170442	0.30377444	0.28545888	0.26587452	0.27238812	0.20056734	0.27369654	0.25206984	0.27989484	0.26529994	0.24759834	0.2951676	0.14815254	0.28427874	0.27709922	0.2757353	0.2799021	0.3066392	0.30817862	0.2838524	0.29663808	0.2863868	0.27270918	0.2683892	0.27111968	0.27830716	0.30318996	0.25678412	0.31163272	0.21328388	0.2723117	0.26178204	0.29185162	0.3054627
Face18.143342	0.05417402	0.01092242	0.05633812	0.19704374	0.01708428	0.0339618	0.17491424	0.04496544	0.51350216	0.08232984	0.05928438	0.09887756	0.31030612	0.0	0.14533392	0.01630882	0.01898392	0.04167188	0.0646702	0.05508176	0.11329982	0.05315954	0.07373804	0.03475796	0.06407566	0.08456354	0.02724572	0.18868742	0.03973582	0.0489845	0.0540805	0.03958362	0.01014964	0.00817042	0.02995456	0.02370964	0.02616876	0.12479226	0.07164648	0.04816672	0.03621592	0.01822708	0.06195424	0.01568936	0.1069948	0.04254498	0.40003164	0.03230938	0.01875914
Face47.143345	0.09885982	0.15097966	0.09640028	0.13574658	0.1331306	0.12912064	0.09644	0.12009444	0.41230516	0.10105676	0.10974806	0.109312	0.17461564	0.14533392	0.0	0.1545383	0.1391726	0.12037832	0.10506308	0.11644388	0.0392871	0.11756226	0.10346484	0.11868932	0.1123927	0.09441374	0.13165568	0.05898274	0.12171466	0.11682526	0.11790474	0.11674142	0.139942	0.1415791	0.12278896	0.13103508	0.12359156	0.12794938	0.11354844	0.10670048	0.11865588	0.13923116	0.10552112	0.144586	0.05073072	0.10749234	0.29505656	0.12681326	0.1404381
Face6.143359	0.06767824	0.00886796	0.06561074	0.20814556	0.02906582	0.03887378	0.18662414	0.05595858	0.52024942	0.09071398	0.07076092	0.1117697	0.32170442	0.01630882	0.1545383	0.0	0.01892662	0.04803302	0.07333378	0.06163394	0.1250292	0.06597816	0.08773246	0.04729398	0.0709884	0.09859172	0.03933514	0.20076904	0.0458876	0.06319996	0.05976656	0.04776648	0.01722998	0.01516136	0.0423801	0.03022238	0.03818286	0.12592024	0.08081582	0.05584742	0.04782054	0.02404042	0.07290638	0.01598018	0.11597086	0.0518316	0.41057894	0.0410878	0.02557352
Face26.143322	0.06486038	0.02147254	0.0580906	0.19095478	0.02731704	0.02472832	0.1692916	0.043585	0.51235312	0.07347244	0.05495722	0.10992576	0.30377444	0.01898392	0.1391726	0.01892662	0.0	0.03365212	0.05937472	0.04486792	0.11508266	0.0551055	0.07405644	0.03397648	0.05474982	0.08439658	0.03734952	0.18663514	0.03091498	0.0558207	0.04651286	0.0347261	0.01490256	0.01351622	0.02911716	0.01796504	0.02499484	0.11604094	0.0647328	0.04649352	0.03430364	0.01633536	0.05825892	0.0133518	0.10390852	0.03537534	0.3981592	0.0304991	0.01817362
Face20.143326	0.05902646	0.04498218	0.0496226	0.16535706	0.0435766	0.02111932	0.152596	0.03365804	0.49658764	0.05139252	0.04357638	0.1042278	0.28545888	0.04167188	0.12037832	0.04803302	0.03365212	0.0	0.0488114	0.0270782	0.11020042	0.0451109	0.05847396	0.02659016	0.03511882	0.07122894	0.0442222	0.1703741	0.01662394	0.04629902	0.0360755	0.0243075	0.03730284	0.03696114	0.02863232	0.02695916	0.0251978	0.10552566	0.04507988	0.03665888	0.02408724	0.03632672	0.04044248	0.04026544	0.0944744	0.03199662	0.38319488	0.0298285	0.03649158
Face19.143331	0.0566807	0.07048178	0.04933396	0.1507105	0.05444364	0.05167292	0.12596368	0.03963896	0.47329572	0.041315	0.03038746	0.0843122	0.26587452	0.0646702	0.10506308	0.07333378	0.05937472	0.0488114	0.0	0.03510788	0.09080478	0.04259098	0.0428316	0.04064388	0.03501206	0.05006222	0.05610992	0.14178814	0.0412701	0.04101878	0.0381663	0.03742758	0.06075376	0.05980346	0.04216572	0.05466344	0.04507352	0.10302694	0.04345028	0.04169536	0.040943	0.0586842	0.02823552	0.06315484	0.075883	0.03719702	0.35679032	0.04186706	0.05802046
Face8.143357	0.05963834	0.05859738	0.04998332	0.15586266	0.0540878	0.03177308	0.13196844	0.03095064	0.48425048	0.04167168	0.02863142	0.096343	0.27238812	0.05508176	0.11644388	0.06163394	0.04486792	0.0270782	0.03510788	0.0	0.10225978	0.04093786	0.04784828	0.03182756	0.02365046	0.0598481	0.05577852	0.16016078	0.0243765	0.0417317	0.0232013	0.03110166	0.04837192	0.04890878	0.03488072	0.0363714	0.03449436	0.10475034	0.03286312	0.04097364	0.02968036	0.046673	0.03139324	0.05214016	0.0821992	0.03416054	0.367854	0.03728158	0.04425854
Face42.143360	0.0672474	0.1200018	0.06968126	0.16266268	0.1008761	0.1076445	0.12000574	0.09749738	0.42862882	0.09461094	0.09292108	0.07597254	0.20056734	0.11329982	0.0392871	0.1250292	0.11508266	0.11020042	0.09080478	0.10225978	0.0	0.0933284	0.08257182	0.09280294	0.10166276	0.0743998	0.09874866	0.08180868	0.10711808	0.08977908	0.10477596	0.0978918	0.11016518	0.11251588	0.0968441	0.10715854	0.09771354	0.1203788	0.0986683	0.08542142	0.0943491	0.11018658	0.09220162	0.11708122	0.02868322	0.08249864	0.31146666	0.10502832	0.11369476
Face35.143358	0.03604124	0.06257996	0.03255226	0.16026484	0.04334342	0.04408946	0.13974158	0.0305103	0.48126938	0.05372666	0.03725788	0.07244946	0.27369654	0.05315954	0.11756226	0.06597816	0.0551055	0.0451109	0.04259098	0.04093786	0.0933284	0.0	0.03467578	0.03409182	0.04713904	0.0410016	0.0327121	0.15500276	0.04279424	0.01809344	0.04097972	0.03639332	0.05316134	0.05422448	0.03321642	0.04834602	0.03701978	0.11174352	0.04803898	0.03062118	0.03129618	0.05117306	0.0415183	0.05732782	0.07642422	0.03087452	0.36478038	0.04256544	0.04891624
Face12.143333	0.04613794	0.08365534	0.04521536	0.14281842	0.06214952	0.06476628	0.12101716	0.04805524	0.47063416	0.044778	0.0396207	0.06950376	0.25206984	0.07373804	0.10346484	0.08773246	0.07405644	0.05847396	0.0428316	0.04784828	0.08257182	0.03467578	0.0	0.05133636	0.04581614	0.03264434	0.05310184	0.13247898	0.05652678	0.03548242	0.0526441	0.05238758	0.07252464	0.0758331	0.05427804	0.06734252	0.05417532	0.1024883	0.04255076	0.043555	0.04941904	0.07157368	0.04334164	0.07905392	0.06789304	0.04372846	0.3525588	0.06168814	0.07245162
Face3.143313	0.04288086	0.04317386	0.04115376	0.16750158	0.0300352	0.02489336	0.14451996	0.01985256	0.49396556	0.054673	0.03388358	0.0861788	0.27989484	0.03475796	0.11868932	0.04729398	0.03397648	0.02659016	0.04064388	0.03182756	0.09280294	0.03409182	0.05133636	0.0	0.03968302	0.06056622	0.03129376	0.16159182	0.02487658	0.03436602	0.03554954	0.0192787	0.03277032	0.03335642	0.01631248	0.02711896	0.01507424	0.10992942	0.04651912	0.028069	0.0101564	0.02994976	0.0330378	0.03865156	0.083426	0.0196113	0.37463772	0.02498998	0.0336851
Face49.143338	0.06501408	0.06762968	0.0534219	0.14888232	0.06357826	0.04275178	0.13280514	0.0417431	0.48324154	0.0343921	0.02714432	0.09783582	0.26529994	0.06407566	0.1123927	0.0709884	0.05474982	0.03511882	0.03501206	0.02365046	0.10166276	0.04713904	0.04581614	0.03968302	0.0	0.0616726	0.0651463	0.15398216	0.03549932	0.04956776	0.0320074	0.03919448	0.0567439	0.05878856	0.04600906	0.04705606	0.04367022	0.09389996	0.03326582	0.04735446	0.03938274	0.05540418	0.02727442	0.06046738	0.0858707	0.04388768	0.36872498	0.04920992	0.05973948
Face14.143311	0.04632432	0.09431624	0.04523402	0.14952724	0.07280974	0.07116978	0.1099327	0.05654554	0.4586141	0.05419026	0.05420976	0.05978374	0.24759834	0.08456354	0.09441374	0.09859172	0.08439658	0.07122894	0.05006222	0.0598481	0.0743998	0.0410016	0.03264434	0.06056622	0.0616726	0.0	0.06246314	0.12782148	0.0682434	0.04286332	0.06314992	0.06102604	0.08302538	0.08489132	0.06246494	0.07674766	0.0666605	0.10803632	0.05599626	0.04873694	0.05982634	0.08034326	0.05479014	0.08902466	0.05767938	0.0544474	0.33795214	0.06872056	0.0782472
Face27.143353	0.0347799	0.03450674	0.0425566	0.1807175	0.01377396	0.03834116	0.1585734	0.04051724	0.50029956	0.07465164	0.05506802	0.07536656	0.2951676	0.02724572	0.13165568	0.03933514	0.03734952	0.0442222	0.05610992	0.05577852	0.09874866	0.0327121	0.05310184	0.03129376	0.0651463	0.06246314	0.0	0.17376014	0.04147674	0.02958806	0.05659398	0.03362634	0.02888484	0.03115666	0.02419088	0.02970256	0.02515156	0.12454358	0.06929664	0.03458992	0.03244728	0.03210388	0.0562174	0.03944284	0.09241628	0.03029678	0.38773764	0.02837018	0.03157998
Face45.143312	0.14235036	0.19751368	0.14202882	0.1240292	0.17644778	0.17331998	0.09087102	0.15435046	0.38401518	0.13681014	0.14655204	0.15068906	0.14815254	0.18868742	0.05898274	0.20076904	0.18663514	0.1703741	0.14178814	0.16016078	0.08180868	0.15500276	0.13247898	0.16159182	0.15398216	0.12782148	0.17376014	0.0	0.16520368	0.15410692	0.15788136	0.16078172	0.18581734	0.1877296	0.16489054	0.17964266	0.16781198	0.16343724	0.15558982	0.14953134	0.15989366	0.18403954	0.14467542	0.19080762	0.09307782	0.15467608	0.27521758	0.16987476	0.18410464
Face23.143337	0.05743952	0.04220056	0.05031698	0.16733384	0.0399057	0.01992234	0.14948274	0.03061506	0.49507102	0.05361582	0.03976716	0.10140714	0.28427874	0.03973582	0.12171466	0.0458876	0.03091498	0.01662394	0.0412701	0.0243765	0.10711808	0.04279424	0.05652678	0.02487658	0.03549932	0.0682434	0.04147674	0.16520368	0.0	0.04583332	0.03306676	0.02278988	0.03319302	0.0324186	0.02392074	0.02539638	0.02258178	0.10527988	0.04659702	0.03445166	0.02311334	0.03291286	0.04133778	0.03732026	0.09143778	0.029665	0.3788693	0.0245606	0.03313676
Face34.143321	0.03015292	0.05936288	0.03018098	0.16128564	0.0380217	0.04561174	0.1384149	0.02904698	0.48138606	0.0603369	0.04270584	0.07231346	0.27709922	0.0489845	0.11682526	0.06319996	0.0558207	0.04629902	0.04101878	0.0417317	0.08977908	0.01809344	0.03548242	0.03436602	0.04956776	0.04286332	0.02958806	0.15410692	0.04583332	0.0	0.04184808	0.034614	0.0500105	0.05194836	0.03317382	0.04732774	0.03733038	0.11625288	0.05033686	0.02371582	0.0322187	0.0481405	0.04433282	0.0558417	0.07395238	0.02674364	0.36480882	0.04212752	0.04481692
Face7.143339	0.05978388	0.05713496	0.05230494	0.1618212	0.05487518	0.03736446	0.13453698	0.03353314	0.4834717	0.04679462	0.02640468	0.09565174	0.2757353	0.0540805	0.11790474	0.05976656	0.04651286	0.0360755	0.0381663	0.0232013	0.10477596	0.04097972	0.0526441	0.03554954	0.0320074	0.06314992	0.05659398	0.15788136	0.03306676	0.04184808	0.0	0.03446776	0.0496415	0.04803376	0.03824774	0.04151018	0.0390849	0.10060492	0.03696262	0.04007182	0.03495382	0.04505366	0.03749794	0.05104338	0.08653742	0.03872952	0.36603558	0.04311184	0.04062148
Face24.143324	0.04760152	0.04437568	0.04294434	0.16574548	0.0320413	0.02454066	0.14300518	0.02283862	0.49269402	0.05189174	0.03652632	0.09070438	0.2799021	0.03958362	0.11674142	0.04776648	0.0347261	0.0243075	0.03742758	0.03110166	0.0978918	0.03639332	0.05238758	0.0192787	0.03919448	0.06102604	0.03362634	0.16078172	0.02278988	0.034614	0.03446776	0.0	0.03321722	0.03623996	0.01777566	0.0249125	0.01897682	0.1064178	0.04590662	0.0263355	0.01943574	0.03420646	0.03450574	0.0396363	0.08530086	0.02100796	0.37787398	0.02511548	0.03419248
Face28.143348	0.05444218	0.01237226	0.05302824	0.1927949	0.01749592	0.0274288	0.17151104	0.04111104	0.509675	0.07645092	0.05826522	0.100999	0.3066392	0.01014964	0.139942	0.01722998	0.01490256	0.03730284	0.06075376	0.04837192	0.11016518	0.05316134	0.07252464	0.03277032	0.0567439	0.08302538	0.02888484	0.18581734	0.03319302	0.0500105	0.0496415	0.03321722	0.0	0.00664958	0.0278592	0.01588704	0.02600868	0.1223755	0.06615188	0.04077424	0.03417388	0.0195006	0.05981864	0.013939	0.102211	0.03823014	0.39688776	0.02688034	0.01808058
Face33.143336	0.05799856	0.01086292	0.0538971	0.19451732	0.0200065	0.02758302	0.17312034	0.04276302	0.50949782	0.07825034	0.0583182	0.10191546	0.30817862	0.00817042	0.1415791	0.01516136	0.01351622	0.03696114	0.05980346	0.04890878	0.11251588	0.05422448	0.0758331	0.03335642	0.05878856	0.08489132	0.03115666	0.1877296	0.0324186	0.05194836	0.04803376	0.03623996	0.00664958	0.0	0.0294235	0.01887186	0.02621538	0.12238248	0.0689393	0.04444862	0.0351297	0.01820998	0.0601333	0.01213378	0.10337802	0.0392634	0.3973615	0.02810488	0.0162474
Face15.143344	0.04568766	0.0384153	0.04150696	0.17113238	0.02272012	0.02347812	0.14900196	0.023727	0.49462204	0.05848808	0.0387197	0.0883494	0.2838524	0.02995456	0.12278896	0.0423801	0.02911716	0.02863232	0.04216572	0.03488072	0.0968441	0.03321642	0.05427804	0.01631248	0.04600906	0.06246494	0.02419088	0.16489054	0.02392074	0.03317382	0.03824774	0.01777566	0.0278592	0.0294235	0.0	0.02419212	0.01189124	0.11496038	0.05182788	0.02864856	0.01428864	0.02520152	0.0388654	0.03309296	0.0823614	0.02270954	0.3781606	0.02006934	0.02680398
Face31.143330	0.0565137	0.0254961	0.05127564	0.18164102	0.0228204	0.01682868	0.16051684	0.03656424	0.5034418	0.06843716	0.04859966	0.10075572	0.29663808	0.02370964	0.13103508	0.03022238	0.01796504	0.02695916	0.05466344	0.0363714	0.10715854	0.04834602	0.06734252	0.02711896	0.04705606	0.07674766	0.02970256	0.17964266	0.02539638	0.04732774	0.04151018	0.0249125	0.01588704	0.01887186	0.02419212	0.0	0.01907208	0.11573638	0.05555668	0.03730544	0.0278116	0.01933624	0.0510036	0.02351	0.09719028	0.0312167	0.38985356	0.02282062	0.0190493
Face2.143352	0.04630806	0.03502402	0.04289948	0.17377254	0.02215584	0.02035712	0.15134104	0.02558332	0.4999264	0.05991688	0.03907106	0.0900332	0.2863868	0.02616876	0.12359156	0.03818286	0.02499484	0.0251978	0.04507352	0.03449436	0.09771354	0.03701978	0.05417532	0.01507424	0.04367022	0.0666605	0.02515156	0.16781198	0.02258178	0.03733038	0.0390849	0.01897682	0.02600868	0.02621538	0.01189124	0.01907208	0.0	0.11137042	0.0493992	0.03281832	0.01470704	0.02189184	0.03863964	0.0313998	0.08748632	0.02171306	0.38222268	0.02271406	0.02753194
Face11.143343	0.1229858	0.12822716	0.11520202	0.15031092	0.12482146	0.1121075	0.13243718	0.10998442	0.4813347	0.08876334	0.09714476	0.13349322	0.27270918	0.12479226	0.12794938	0.12592024	0.11604094	0.10552566	0.10302694	0.10475034	0.1203788	0.11174352	0.1024883	0.10992942	0.09389996	0.10803632	0.12454358	0.16343724	0.10527988	0.11625288	0.10060492	0.1064178	0.1223755	0.12238248	0.11496038	0.11573638	0.11137042	0.0	0.10122902	0.11000098	0.10828082	0.11711618	0.09655934	0.1231635	0.11198842	0.11138128	0.36727002	0.11868444	0.12017628
Face4.143335	0.06763302	0.07772918	0.05524932	0.15323238	0.06863716	0.05134264	0.1306406	0.04470416	0.48285132	0.0382698	0.03597226	0.09519136	0.2683892	0.07164648	0.11354844	0.08081582	0.0647328	0.04507988	0.04345028	0.03286312	0.0986683	0.04803898	0.04255076	0.04651912	0.03326582	0.05599626	0.06929664	0.15558982	0.04659702	0.05033686	0.03696262	0.04590662	0.06615188	0.0689393	0.05182788	0.05555668	0.0493992	0.10122902	0.0	0.05160504	0.0449094	0.06465236	0.03570404	0.07196844	0.08213816	0.0479415	0.36227764	0.05719578	0.06135638
Face29.143316	0.03187158	0.05197854	0.026279	0.16108954	0.03514272	0.0345664	0.138648	0.02625848	0.48022352	0.05774112	0.04699514	0.07680468	0.27111968	0.04816672	0.10670048	0.05584742	0.04649352	0.03665888	0.04169536	0.04097364	0.08542142	0.03062118	0.043555	0.028069	0.04735446	0.04873694	0.03458992	0.14953134	0.03445166	0.02371582	0.04007182	0.0263355	0.04077424	0.04444862	0.02864856	0.03730544	0.03281832	0.11000098	0.05160504	0.0	0.02557376	0.04407068	0.04382412	0.04975544	0.0701684	0.01676306	0.3669968	0.03203246	0.04383174
Face50.143317	0.04398206	0.0439539	0.03925508	0.16618958	0.03038376	0.02460856	0.14569144	0.018173	0.49226804	0.053381	0.03439898	0.087247	0.27830716	0.03621592	0.11865588	0.04782054	0.03430364	0.02408724	0.040943	0.02968036	0.0943491	0.03129618	0.04941904	0.0101564	0.03938274	0.05982634	0.03244728	0.15989366	0.02311334	0.0322187	0.03495382	0.01943574	0.03417388	0.0351297	0.01428864	0.0278116	0.01470704	0.10828082	0.0449094	0.02557376	0.0	0.0305502	0.03391544	0.04043792	0.0823032	0.01923654	0.37326952	0.02692014	0.03457454
Face1.143356	0.0580721	0.02603858	0.05507732	0.18911178	0.0245894	0.02582512	0.16708592	0.03876496	0.50985952	0.0758392	0.05215574	0.10235904	0.30318996	0.01822708	0.13923116	0.02404042	0.01633536	0.03632672	0.0586842	0.046673	0.11018658	0.05117306	0.07157368	0.02994976	0.05540418	0.08034326	0.03210388	0.18403954	0.03291286	0.0481405	0.04505366	0.03420646	0.0195006	0.01820998	0.02520152	0.01933624	0.02189184	0.11711618	0.06465236	0.04407068	0.0305502	0.0	0.05611964	0.01485868	0.10136496	0.03709574	0.39387648	0.03045354	0.01851822
Face22.143334	0.05367382	0.06968634	0.0490874	0.14440606	0.0542136	0.04858364	0.12444152	0.03592864	0.48154352	0.03615876	0.02766898	0.08570672	0.25678412	0.06195424	0.10552112	0.07290638	0.05825892	0.04044248	0.02823552	0.03139324	0.09220162	0.0415183	0.04334164	0.0330378	0.02727442	0.05479014	0.0562174	0.14467542	0.04133778	0.04433282	0.03749794	0.03450574	0.05981864	0.0601333	0.0388654	0.0510036	0.03863964	0.09655934	0.03570404	0.04382412	0.03391544	0.05611964	0.0	0.06344312	0.08077316	0.03696894	0.36359892	0.0459089	0.05942802
Face25.143320	0.06529646	0.01781418	0.06065256	0.1964219	0.02752828	0.0325456	0.17476948	0.0478532	0.5133666	0.0804724	0.06052818	0.11036324	0.31163272	0.01568936	0.144586	0.01598018	0.0133518	0.04026544	0.06315484	0.05214016	0.11708122	0.05732782	0.07905392	0.03865156	0.06046738	0.08902466	0.03944284	0.19080762	0.03732026	0.0558417	0.05104338	0.0396363	0.013939	0.01213378	0.03309296	0.02351	0.0313998	0.1231635	0.07196844	0.04975544	0.04043792	0.01485868	0.06344312	0.0	0.10682184	0.04367974	0.40148972	0.03202842	0.02074326
Face48.143351	0.06196846	0.11246298	0.05671164	0.15430762	0.09330012	0.0938184	0.11164428	0.08156152	0.432241	0.07818856	0.0811831	0.07200476	0.21328388	0.1069948	0.05073072	0.11597086	0.10390852	0.0944744	0.075883	0.0821992	0.02868322	0.07642422	0.06789304	0.083426	0.0858707	0.05767938	0.09241628	0.09307782	0.09143778	0.07395238	0.08653742	0.08530086	0.102211	0.10337802	0.0823614	0.09719028	0.08748632	0.11198842	0.08213816	0.0701684	0.0823032	0.10136496	0.08077316	0.10682184	0.0	0.07310562	0.3180852	0.09188454	0.10030534
Face41.143327	0.03372684	0.04795084	0.02713718	0.16124024	0.03090466	0.03094814	0.13702662	0.02537414	0.48716874	0.05273762	0.04013852	0.07865074	0.2723117	0.04254498	0.10749234	0.0518316	0.03537534	0.03199662	0.03719702	0.03416054	0.08249864	0.03087452	0.04372846	0.0196113	0.04388768	0.0544474	0.03029678	0.15467608	0.029665	0.02674364	0.03872952	0.02100796	0.03823014	0.0392634	0.02270954	0.0312167	0.02171306	0.11138128	0.0479415	0.01676306	0.01923654	0.03709574	0.03696894	0.04367974	0.07310562	0.0	0.37118034	0.03022392	0.0404906
Face36.143314	0.36277962	0.40631106	0.3575168	0.29146478	0.38834048	0.38258864	0.28847572	0.36505968	0.14081716	0.35213188	0.36160366	0.36382164	0.26178204	0.40003164	0.29505656	0.41057894	0.3981592	0.38319488	0.35679032	0.367854	0.31146666	0.36478038	0.3525588	0.37463772	0.36872498	0.33795214	0.38773764	0.27521758	0.3788693	0.36480882	0.36603558	0.37787398	0.39688776	0.3973615	0.3781606	0.38985356	0.38222268	0.36727002	0.36227764	0.3669968	0.37326952	0.39387648	0.36359892	0.40148972	0.3180852	0.37118034	0.0	0.38150134	0.38842318
Face40.143325	0.05290592	0.03627904	0.04867866	0.17645664	0.02632898	0.02606574	0.15157886	0.03353738	0.49232522	0.05754002	0.0494678	0.09737706	0.29185162	0.03230938	0.12681326	0.0410878	0.0304991	0.0298285	0.04186706	0.03728158	0.10502832	0.04256544	0.06168814	0.02498998	0.04920992	0.06872056	0.02837018	0.16987476	0.0245606	0.04212752	0.04311184	0.02511548	0.02688034	0.02810488	0.02006934	0.02282062	0.02271406	0.11868444	0.05719578	0.03203246	0.02692014	0.03045354	0.0459089	0.03202842	0.09188454	0.03022392	0.38150134	0.0	0.0291436
Face16.143340	0.06036204	0.02388996	0.05629534	0.19074904	0.02135134	0.02305814	0.16583282	0.03683498	0.50489266	0.07689498	0.05349888	0.10176906	0.3054627	0.01875914	0.1404381	0.02557352	0.01817362	0.03649158	0.05802046	0.04425854	0.11369476	0.04891624	0.07245162	0.0336851	0.05973948	0.0782472	0.03157998	0.18410464	0.03313676	0.04481692	0.04062148	0.03419248	0.01808058	0.0162474	0.02680398	0.0190493	0.02753194	0.12017628	0.06135638	0.04383174	0.03457454	0.01851822	0.05942802	0.02074326	0.10030534	0.0404906	0.38842318	0.0291436	0.0