0.01 0.05 0.1 0.15 0.2 0.25 0.3 0.35 0.4 0.45 0.5 0.55 0.6 0.65 0.7 0.75 0.8 0.85 0.9 0.95 0.99
Hour -0.0107611756679481 -0.00878372086746404 -0.0107409244548071 -0.00924431949755111 -0.0176130294876536 -0.0111792428343507 -0.0224095077529715 -0.0168440175663995 -0.0178086891357421 -0.0319225784104777 NA NA NA NA NA NA NA NA NA NA NA
estimated_years_since_submerged_for_plotting 0.000966816681966076 0.00303334181204706 -0.000163948992545682 -0.00153922605673373 -0.00591079236272074 -0.00361421123659644 -0.0212446168327989 -0.00389743328070535 -0.0104862049001482 -0.017945258529918 NA NA NA NA NA NA NA NA NA NA NA
estimated_elevation -0.0105178086716036 -0.00843451742883217 -0.0102733564243774 -0.00883489229821777 -0.0176328554644324 -0.0113177287118822 -0.022178145023013 -0.0167383720398954 -0.0183135676115745 -0.0323087653539298 NA NA NA NA NA NA NA NA NA NA NA
sample_pH -0.00707344655166386 -0.00475553890584957 -0.00401987778182122 0.00270642639063468 -0.00114402320734963 -0.00526094041544178 0.00133721845289414 0.00456902737727582 -0.0252388687100507 -0.00624020255655533 NA NA NA NA NA NA NA NA NA NA NA
Hour+estimated_years_since_submerged_for_plotting 0.234671234516044 0.225482362063553 0.143948076711402 0.121353213532487 0.125044713941811 0.0978025824448333 0.0778669389993452 0.0677974334120979 0.0548487539303663 0.0116918984754149 NA NA NA NA NA NA NA NA NA NA NA
Hour+estimated_elevation 0.211960568224185 0.20398577001141 0.129119430024976 0.109473026163832 0.116758037570581 0.0903019779497832 0.0756368489677718 0.0651458339435551 0.0513762871698688 0.0086625279930137 NA NA NA NA NA NA NA NA NA NA NA
Hour+sample_pH 0.0208279224686626 0.0215609785515994 0.0272391219809764 0.0285541075945136 0.0169172336493358 0.00248406567199955 0.00949384789364838 0.00407622438802335 0.0122449603035418 0.0319797669821658 NA NA NA NA NA NA NA NA NA NA NA
estimated_years_since_submerged_for_plotting+estimated_elevation 0.00137427073163532 0.00104474277425615 0.00113986339137906 0.00050724215953446 0.0014436879675872 0.00126520487391335 0.00162450140681791 0.000943787381812222 0.00330739210957898 0.00292716702375584 NA NA NA NA NA NA NA NA NA NA NA
estimated_years_since_submerged_for_plotting+sample_pH 0.00264799680098771 0.0026559578971459 0.0035311648251326 0.00265929153014843 0.000375559745071086 0.000822844901994135 0.00216962458076841 -0.00147482144124533 0.000279534337439102 -0.00206095591273359 NA NA NA NA NA NA NA NA NA NA NA
estimated_elevation+sample_pH 0.0011692521212231 0.000763197954971373 0.000758913686074947 0.000137807518240773 0.00138006542634228 0.00123362660619408 0.0013327368865953 0.000971399827313313 0.00365276293531525 0.00360135433223108 NA NA NA NA NA NA NA NA NA NA NA
Hour+estimated_years_since_submerged_for_plotting+estimated_elevation 0.140625538020822 0.128410508308582 0.0886360656049687 0.0612847395057661 0.0301502195937102 0.0368881014015389 -0.0285035659207602 -0.0163040772956916 0.0224409819200697 0.0540716361514111 NA NA NA NA NA NA NA NA NA NA NA
Hour+estimated_years_since_submerged_for_plotting+sample_pH -0.14419334170408 -0.14094318509086 -0.0793778440180135 -0.070271473171131 -0.101886184953197 -0.0744097027436526 -0.0825621991161869 -0.0689410339043387 -0.043500788010414 0.0153160464244004 NA NA NA NA NA NA NA NA NA NA NA
Hour+estimated_elevation+sample_pH 0.171134371192123 0.156893610550084 0.106776962057614 0.074572622360617 0.0414645024715097 0.0483367048337061 -0.0269342718705246 -0.0140279704944717 0.0287369746719157 0.0582882946415981 NA NA NA NA NA NA NA NA NA NA NA
estimated_years_since_submerged_for_plotting+estimated_elevation+sample_pH 0.0362389914064042 0.0426585390353704 0.0483183292923911 0.0581333090454837 0.0605183543744603 0.0567772358910267 0.0563895010535326 0.0416717041272755 0.0507504213190149 -0.0548502715614814 NA NA NA NA NA NA NA NA NA NA NA
All -0.241553891634982 -0.225459639896987 -0.169949442196924 -0.134002702553379 -0.0523414958545015 -0.0477994838437488 0.0243869189857364 0.00742054088541955 -0.0167462686747731 -0.0850530938748302 NA NA NA NA NA NA NA NA NA NA NA
Unexplained 0.592482702066223 0.601887593230973 0.725057466293574 0.764510827775755 0.802476006589447 0.817668965210683 0.953594169289145 0.945631774679975 0.904456318345592 1.04384243417594 NA NA NA NA NA NA NA NA NA NA NA
