0.01 0.05 0.1 0.15 0.2 0.25 0.3 0.35 0.4 0.45 0.5 0.55 0.6 0.65 0.7 0.75 0.8 0.85 0.9 0.95 0.99
SiO2 0.0179991829858371 0.0325439081317126 0.0220743520185935 0.0248837532415538 -0.00198739647500812 -0.0132404014347143 0.00199900575066048 0.00199900575066048 -0.00761584771918167 -0.022307415725813 0 0.0627918210715339 NA NA NA NA NA NA NA NA NA
PO4 -0.0504443829064437 -0.0600654754524027 -0.0681221023957175 -0.0609825000184703 -0.063527455416621 -0.0611557632892579 -0.0535254452636336 -0.0535254452636336 -0.0437304262648768 -0.0274586727646753 0 0 NA NA NA NA NA NA NA NA NA
NH4 0.0203795309800222 0.00108088024354214 -0.0247798474699799 -0.0160440307932935 -0.0418370612031949 -0.0497377474456955 -0.0390199517853103 -0.0390199517853103 -0.0480728301339102 -0.0629129208890724 0 0 NA NA NA NA NA NA NA NA NA
BCC 0.00997275133851672 -0.0146407837708976 -0.040226351930013 -0.0330044486386174 -0.0512370846685275 -0.0469184181231501 -0.0496262144419746 -0.0496262144419746 -0.0484783916910041 -0.0460602272001902 0 0 NA NA NA NA NA NA NA NA NA
SiO2+PO4 0.03502236958048 0.0355445627752702 0.0196568454691106 0.0129962832121443 0.00809198453707283 0.015497361041338 0.0144464502252704 0.0144464502252704 0.00702896094315553 -0.00571808468609825 0.0222135940863069 0.031260292637612 NA NA NA NA NA NA NA NA NA
SiO2+NH4 0.0132666478033834 0.0256608561077497 0.0408350324683805 0.0482638074051521 0.0226626283373452 0.0331496639418833 0.0358925755470165 0.0358925755470165 0.0388394073237615 0.0443938228794813 0.0250766493402788 0.0389703760664 NA NA NA NA NA NA NA NA NA
SiO2+BCC 0.00330188470673654 0.00437518787926272 0.0049594954008958 0.00363831017383498 0.00511524410836417 0.00991789533149512 0.00913957384419217 0.00913957384419217 0.00955764470544507 0.0101918707554067 0.0106266846212826 0.00637340279239629 NA NA NA NA NA NA NA NA NA
PO4+NH4 -0.0187181788260289 -0.0228640647847347 -0.0243696994661268 -0.0248309778646431 -0.0197404927451685 -0.0209807543283396 -0.0244432738763396 -0.0244432738763396 -0.0225929541297167 -0.0200205273007685 0 0 NA NA NA NA NA NA NA NA NA
PO4+BCC 0.0505606337948895 0.0536015525711797 0.0243501732018276 0.0160982215450739 0.0204212887700268 0.0288173762013897 0.0179501022217383 0.0179501022217383 0.00891993415824821 -0.00658875923573832 0.0375815525733771 0.0394061029458501 NA NA NA NA NA NA NA NA NA
NH4+BCC 0.0883463016131356 0.106015256245077 0.0850654595236437 0.0883404170187921 0.0488189389059515 0.0702420388809171 0.0819214360389926 0.0819214360389926 0.0747493527937324 0.0633490084857027 0.073104410345185 0.117374543570304 NA NA NA NA NA NA NA NA NA
SiO2+PO4+NH4 -0.0301272573186436 -0.0304537743611426 -0.012476388867477 -0.00666931642476332 -0.00184746128962088 -0.00819659364194503 -0.00700540773515446 -0.00700540773515446 -0.000136771261615376 0.0116650030779231 0 0 NA NA NA NA NA NA NA NA NA
SiO2+PO4+BCC -0.0325205873895741 -0.035688334864479 -0.0237129879249726 -0.0207670363934882 -0.0100239029713085 -0.0296320137555772 -0.0367678064861678 -0.0367678064861678 -0.031409487799239 -0.0228404913147051 0 0 NA NA NA NA NA NA NA NA NA
SiO2+NH4+BCC -0.0532392947007581 -0.0639383315280346 -0.0522537872280245 -0.0558402763566107 -0.0276663900990148 -0.0423308179075488 -0.0473212574440316 -0.0473212574440316 -0.0434282002028756 -0.0373661156468978 0 0 NA NA NA NA NA NA NA NA NA
PO4+NH4+BCC -0.0294480526297433 -0.0320548863060646 -0.0218514349284645 -0.0140223303455835 -0.00732477927655228 -0.0356558574680075 -0.0438933211226931 -0.0438933211226931 -0.0359538352737891 -0.0231900943223771 0 0 NA NA NA NA NA NA NA NA NA
All 0.036398886598315 0.0407445275437641 0.0292543878865953 0.0264235255703695 0.0113244609882022 0.0300378856598218 0.0382492445402494 0.0382492445402494 0.0321272725111792 0.0222744067314018 0.0295906800461643 0.0661650550865488 NA NA NA NA NA NA NA NA NA
Unexplained 0.939249564369876 0.960138919570198 1.04159685424173 1.01151659866855 1.10875747849805 1.12018614633739 1.10200428998719 1.10200428998719 1.11019617204069 1.12258919715642 1.16172425150474 1.04802572326634 NA NA NA NA NA NA NA NA NA
