0.01 0.05 0.1 0.15 0.2 0.25 0.3 0.35 0.4 0.45 0.5 0.55 0.6 0.65 0.7 0.75 0.8 0.85 0.9 0.95 0.99
SiO2 0.018076407355748 0.0209034393433017 0.0235958370848421 0.0350974183380669 0.0426017368856124 0.0579508024668445 0.0560448333705599 0.075784608122923 0.101511767915242 0.0183884242237078 0.0296963530950711 0.0296761580849227 0.00919461116734333 0.0182840109666431 0.039725664051488 0.029438820433118 0.050658453909862 0 NA NA NA
PO4 -0.0189441168479729 -0.0219116212209339 -0.0295045902267674 -0.0265513286074234 -0.0232867207879177 -0.0351035639925645 -0.0384421099378272 -0.0447535769810256 -0.0469224428507982 -0.0619461995182207 0 0 0 0 0 0 0 0 NA NA NA
NH4 -0.00193603939684028 0.00021024013522275 -0.00186194412701901 0.00519840840340291 0.000476636342756964 -0.0114367822750611 -0.00463458719343635 -0.0139168563814773 -0.0122147326756508 -0.0382726485552386 0 0 0 0 0 0 0 0 NA NA NA
BCC 0.00907107106739524 0.0091042683380218 0.00736042375323653 0.0134930043395538 0.0130287417594022 0.0229561433046052 0.0359365622143469 0.034184461927708 0.0239395988332074 -0.0213660013690062 0 0 0 0.0220975567902337 0.00932391975275815 0.0226107068525983 0.0577784760646485 0 NA NA NA
SiO2+PO4 0.00671711933547137 0.00725157466458171 0.00662102548051491 0.00724103165115186 0.00608464380011042 0.00257783460030725 0.000675211715975066 -0.00236663359868849 -0.00404331902754362 0.0122560972539951 0.00601314727840629 0.00416387105174898 0.00711080215585702 0.00626842795220195 0.00863414546812857 0.00452915577061874 0 0.0117840884471092 NA NA NA
SiO2+NH4 0.0059276809863138 0.00610710327674413 0.0101791986063747 0.0111151521329027 0.0113187212544322 0.0249882974159927 0.0310821139410299 0.0418276919938114 0.0466819676021726 0.0196040642229055 0.0234568252862404 0.025659509891793 0.0218453487609181 0.0248014730480361 0.0236552340456549 0.0191049081759078 0.0123099358621656 0.0128651532436475 NA NA NA
SiO2+BCC 0.000858407716256226 0.00065002047205176 0.00101459637980894 6.1680583768986e-05 0.000421852274991363 0.000513674914625284 0.00147088884968383 0.00127447776091449 -0.000282632860896692 0.00402184594265786 0.00364157765582684 0.00340536119642287 0.0034045754902341 0.00268477127963651 0.000520070306843534 0.00464168721299374 0.00154110696521692 0.0145892155106391 NA NA NA
PO4+NH4 -0.00717465154292884 -0.00861774512275926 -0.00934796771435142 -0.013109498986005 -0.0112968229140085 -0.0182087311566544 -0.019191110511534 -0.0265964305011842 -0.0415085691490004 -0.0170618377883227 0 0 0 0 0 0 0 0.0339411923290338 NA NA NA
PO4+BCC 0.0343683556449212 0.0388180620229347 0.0421362536910944 0.0456825069543814 0.0526498210526712 0.0618140981402873 0.059301020390875 0.0500720654692636 0.038160925757446 0.0575602807954048 0.047078129288099 0.0395472990296466 0.0208629978407437 0.023410441687113 0.0264084393991234 0.0248810056035597 0.00379523740889842 0.0311979604278756 NA NA NA
NH4+BCC 0.039308064191611 0.0434997893540424 0.0514575058644 0.0576323445062991 0.0681335889023346 0.0823694063125308 0.0974852668865605 0.0941335382571364 0.0999914613259548 0.0537970723299569 0.0640619654007922 0.0593178001601207 0.0445656989035335 0.0557555228132969 0.0586746281161521 0.0624179711043165 0.0559843508796429 0.0238126544907831 NA NA NA
SiO2+PO4+NH4 -0.00853821016788514 -0.00928738313762811 -0.00874256307283872 -0.0100959430573392 -0.0108639839088364 -0.00841680021662849 -0.00621737052635385 -0.00247893970281532 0.000922998840652056 -0.0115351609194472 0 0 0.000109994309106853 0.0022713007137537 0 0.00431258719464711 0.0163799896342084 0 NA NA NA
SiO2+PO4+BCC -0.0119526165755848 -0.0129649045864806 -0.0156144141647758 -0.0178985662826951 -0.0218398404250507 -0.0233820262652848 -0.032124554637339 -0.0352861069265891 -0.0380033880274803 -0.013714276315235 0 0 0 0 0 0 0 0 NA NA NA
SiO2+NH4+BCC -0.0254995206320943 -0.0282527815403302 -0.0334644422280491 -0.0378729825122275 -0.0437332043883605 -0.0560101394222582 -0.0652602215581092 -0.0652196329107004 -0.06712622685856 -0.0366850276942668 0 0 0 0 0 0 0 0 NA NA NA
PO4+NH4+BCC -0.00452282528943893 -0.00457814355741004 -0.00549938552249907 -0.00774548373026873 -0.00814040337720523 -0.00628930307261244 -0.0127486521584017 -0.0241796522589499 -0.0324976865832987 -0.00909392880446769 0 0 0 0 0 0 0 0.0150092287799048 NA NA NA
All 0.00973312309155905 0.010468782898205 0.012398065685061 0.0150065733278609 0.0172809267261903 0.0180071801873325 0.0252970831402592 0.0296722690989393 0.035279405068825 0.0115004912477049 0.0140585258457402 0.0167519664831188 0.00912376795769709 0.016711610188027 0.0164983035184491 0.0248276208911298 0.0223838547686926 0 NA NA NA
Unexplained 0.954507751063469 0.948599298660436 0.949272400510968 0.92274568293857 0.907164306802877 0.887669909058539 0.871325626013711 0.887848716630734 0.896110872689729 1.03254680494787 1.02072306356628 1.0337629925827 1.07253869983376 1.03794182662647 1.02583874659438 1.06933398860739 1.03845684623968 1.27975381919469 NA NA NA
