0.01 0.05 0.1 0.15 0.2 0.25 0.3 0.35 0.4 0.45 0.5 0.55 0.6 0.65 0.7 0.75 0.8 0.85 0.9 0.95 0.99
SiO2 0.0151135962050547 0.0162004000958865 0.0174712900159164 0.0187426531314666 0.020398978658357 0.022870435074885 0.0253221397484565 0.0284523507755124 0.0321242736853597 0.0284270776951482 0.0274952965287525 0.0296316494285307 0.0377859692752535 0.0398549222119059 0.0457095769866976 0.0364292599054046 0.0511237316599641 0.0728232243636276 0.051860107937142 0.0147991577702455 NA
PO4 -0.000102333218003237 -7.42065681454962e-05 -0.000252153215190232 -0.000461838128750447 -0.000273762940431022 -0.000975026356966446 -0.00235028997542652 -0.00291988772364649 -0.0035533330980333 -0.00594982703202684 0 0 0 0 0 0 0 0 0 0 NA
NH4 0.0118465049111616 0.012781594927688 0.0136772793675892 0.0150730499111554 0.016197182342663 0.0170315010783393 0.0184879980930478 0.0198619518366884 0.0216607381969598 0.0253237698627978 0.0274578416820561 0.0287867293740302 0.03237928803761 0.0386600715161828 0.043924919685407 0.0492461475906605 0.0770208596981069 0.0307971322485446 0.0230457293859548 0 NA
BCC 0.015690289378155 0.0168137694004761 0.0178615313773948 0.0198034458099934 0.0215502270355843 0.0226537429515437 0.0243730824467754 0.0268843830008521 0.0305654997993912 0.0315248583704592 0.031677627390843 0.0330057376546973 0.0304757889338801 0.0367853778287981 0.0290363016315313 0.0191663037885166 0.0210571786947447 0.00372776401796571 0 0.127920205252066 NA
SiO2+PO4 0.00484540016352697 0.00496454550419989 0.00524269193184934 0.00596837789338156 0.00636600074162419 0.006835521242053 0.00792067258521312 0.00903252771013929 0.0100359610308653 0.0109378291909027 0.011821778993132 0.0148448449270152 0.0170286937577216 0.0106945668711051 0.0135141929105626 0.0101972000744178 0.0175695542824131 0 0.00679463971506444 0 NA
SiO2+NH4 -0.00181160952948156 -0.00169791758271864 -0.0014967821519668 -0.00179221963592724 -0.00169964044312365 -0.000986989251723469 -0.000634438241274404 -0.000129409123633017 -0.00085440041427276 0.00174323662087184 0.000984174344979993 0.0015164326415058 0.00318974652713111 0 0.00196202709357629 0.00103160676146619 0 0.0134412181821969 0.0626975945108332 0 NA
SiO2+BCC -0.00131686475084059 -0.00143156051349558 -0.00154132005360463 -0.00166718992551884 -0.00176694569019098 -0.00189917743282075 -0.00204582787379748 -0.00211330377576047 -0.00224849619415379 -0.0017723284416894 0 0 0 0 0 0 0 0 0 0 NA
PO4+NH4 -0.00220877664285335 -0.00246828464715143 -0.00271669957842335 -0.00259566073133854 -0.00269262077255761 -0.00315048286355768 -0.0033371582390227 -0.00348017628777453 -0.00478902511191071 -0.00218583079296386 0 0 0 0 0 0 0 0 0 0 NA
PO4+BCC 0.0216320292292289 0.023069043332377 0.0251137207916331 0.0274736968472851 0.0301652127099994 0.0341292275888614 0.0385800340191318 0.0437894110581356 0.0481893472558031 0.0532854127393884 0.059859186006923 0.075434746703854 0.0804279908635457 0.0757874239834945 0.063731376163882 0.0720291413722612 0.0752971631419673 0.0361373121485623 0.050002176945386 0 NA
NH4+BCC 0.0218616376539701 0.0231524352400942 0.025080054064465 0.0271702419215074 0.030018998392913 0.0338216854652209 0.0379293215016138 0.0443197320449841 0.0509807885569802 0.0580508147152951 0.065716366319019 0.0758356431961751 0.0885106540855151 0.0872899767566917 0.103099848115342 0.102074941957068 0.118427986659117 0.0685933547195363 0.0830216787155883 0 NA
SiO2+PO4+NH4 -0.00723750721664718 -0.00754442327184934 -0.00805165064702074 -0.00901887709174121 -0.0097718371890223 -0.0106721561552637 -0.0121338721883434 -0.0138092142647622 -0.0151821249037812 -0.0164967810622896 0 0 0 0 0 0 0 0.000460604990590641 0 0.0503949868110063 NA
SiO2+PO4+BCC -0.00342133394756994 -0.00359403466110653 -0.00382444641049495 -0.0041558024024656 -0.00472972508923164 -0.00526113265567829 -0.00591808529684201 -0.00734562346243195 -0.00901662417356819 -0.0117482176679684 0 0 0 0 0 0 0 0 0 0.0210234001699654 NA
SiO2+NH4+BCC -0.0141753766914785 -0.0151391089741973 -0.0165161755255258 -0.0179031966873432 -0.0198182642019604 -0.0225410516987065 -0.0253931507726807 -0.029508793176385 -0.0332303577941355 -0.0383791960885377 0 0 0 0 0 0 0 0 0 0.0285189444210354 NA
PO4+NH4+BCC 0.00465195178702171 0.00496180128459434 0.00543135723134736 0.00595499393501309 0.00638941925080139 0.00708476988982265 0.00774844984142153 0.00828482744756065 0.00861463784619843 0.00794685023423447 0.00831027400599871 0.0103842190540212 0.00928584138080757 0.0153301056668129 0.0189130394980962 0.0130854044088874 0.000227763250222002 0.00458699616595959 0 0.0224688180620976 NA
All 0.00273883675935604 0.00283832242027449 0.00298758645875241 0.00325838984267435 0.00366124086475961 0.00401458014314593 0.00455842302797937 0.00572419658415124 0.00713351959116548 0.00907260041118374 0.0105527451807336 0.0108700689251484 0.0142375532911164 0.0110445981812032 0.0149348425658504 0.0147881192825875 0.0258960476476227 0.00999664149443691 0.0234728498372886 0 NA
Unexplained 0.931893555909399 0.927167624013074 0.921533716343279 0.914149935310608 0.906005536329816 0.897044552980845 0.886892701323748 0.87295702735637 0.859569595727132 0.850219731245194 0.83524541451962 0.819235366707804 0.806791153861848 0.793842082443218 0.790694828663183 0.818437668691958 0.797198853511526 0.899035626898768 0.884725390102182 1.07382651703619 NA
