0.01 0.05 0.1 0.15 0.2 0.25 0.3 0.35 0.4 0.45 0.5 0.55 0.6 0.65 0.7 0.75 0.8 0.85 0.9 0.95 0.99
SiO2 0.0158584543810419 0.0172357456713423 0.0183042724900165 0.0197566538228428 0.0216158132217718 0.0238064697111862 0.0263980498389434 0.0298704499596312 0.0306223144205819 0.0291208693246023 0.0277855950774109 0.0303908214747995 0.0377276478099638 0.0398457180246227 0.0435192552310361 0.0332574700224478 0.0451735889073944 0.0595285313150895 0 0.0147991577702455 NA
PO4 0.000370124512171888 0.000783913514466494 0.000166403821601158 0.000429031285804293 0.000200050243212901 -0.000434181545400647 -0.00111679481471061 -0.00232527754530887 -0.00290717394276541 -0.00525104616474925 0 0 0 0 0 0 0 0 0 0 NA
NH4 0.0113854243114923 0.012544619455074 0.0134583532284704 0.014646832245773 0.0153718569663444 0.0161068325723372 0.0176167354696425 0.019060230485587 0.0208661327055306 0.0244220768296052 0.0248834550253783 0.0274675646052299 0.0313437908936058 0.0371092657943237 0.0403886452170936 0.0446067157309371 0.0713292309283705 0.0368183113569287 0.0366758562154876 0 NA
BCC 0.0162757045928803 0.017657013841183 0.0186492023841021 0.0208385418358822 0.0221516291231498 0.0232351402979846 0.0254065160286433 0.0276817007528257 0.0307088678675729 0.0324608311617078 0.0310890193014055 0.0334853709094468 0.03275091375974 0.0397927568839933 0.0297007002694183 0.0196707377986856 0.0207029619701814 0.00108413751811776 0 0.127920205252066 NA
SiO2+PO4 0.0047466059368958 0.00469508010133457 0.00525907584136898 0.00578712387681168 0.00619819993366399 0.00679027476301619 0.00767541518218506 0.00878100753559841 0.0101547107911943 0.010964553377615 0.0130656346361947 0.0147387843736791 0.0169905023951563 0.0113781773508727 0.0145597658681653 0.0116342023262825 0.0197515515180346 0.00416401181963322 0.00553088245105249 0 NA
SiO2+NH4 -0.00127911511289358 -0.00127559574152136 -0.00112197651126367 -0.00127306314756703 -0.000841222893208204 -0.000514317450521773 -0.000210026638671312 0.000856318812940793 -3.84129072404926e-05 0.00140129565162728 0.00286625150886577 0.00245166756830517 0.00406957080453141 0 0.00401651301757422 0.00389981656017024 0.00325902058010474 0.016765176836909 0.0677326471440529 0 NA
SiO2+BCC -0.00129509798421745 -0.00146908971329396 -0.00155958992072736 -0.00167448744670928 -0.00173515138249336 -0.00184742489266998 -0.00198950702886624 -0.00209694746399081 -0.00191565588542064 -0.00162267983759479 0 0 0 0 0 0 0 0 0.000282279139100949 0 NA
PO4+NH4 -0.00283710427619144 -0.00322556706025667 -0.00332705398726418 -0.00355529382937814 -0.00360134546274871 -0.00377756347475255 -0.00407690155387885 -0.00465977962092734 -0.00527023457446441 -0.00225539642476469 0 0 0 0 0 0 0 0 0 0 NA
PO4+BCC 0.0216019843548892 0.0229001596530038 0.0250750038222762 0.0274476230079377 0.0303673140773943 0.0342186459729792 0.0382546990370533 0.0439009558610088 0.0476206711675727 0.0540515667994466 0.0604480918573314 0.0728658304644527 0.0817321939428153 0.0726893223428112 0.0633924139821856 0.0723415521251196 0.074640870906447 0.0426023068379591 0.05737295517402 0 NA
NH4+BCC 0.0226169292604058 0.0237248666971721 0.0256194123163502 0.0280183932261936 0.0312175005361794 0.0347461509085903 0.0389978903367953 0.0455824816326783 0.0527158395723851 0.0589841831597238 0.0680277721949957 0.0774311838574778 0.0882069807124338 0.0872548407755865 0.103441684629041 0.102809319966248 0.119807801288738 0.0788351959642744 0.072827810540382 0 NA
SiO2+PO4+NH4 -0.00714709445936945 -0.00732415405403009 -0.00806117976487841 -0.00886191490311483 -0.00964280313220744 -0.0106557411609531 -0.011944913305987 -0.0135854661217163 -0.0150944151982023 -0.0166913920726007 0 0 0 0 0 0 0 0 0 0.0503949868110063 NA
SiO2+PO4+BCC -0.00362937644754613 -0.00369895019939004 -0.00392003740031721 -0.00432156435646747 -0.00502403098450754 -0.00552769575237155 -0.00634317204185986 -0.00764298577103339 -0.00996427315817483 -0.01267865505539 0 0 0 0 0 0 0 0 0 0.0210234001699654 NA
SiO2+NH4+BCC -0.0147112604085613 -0.0155617151186515 -0.0169156496926574 -0.0185077721500186 -0.0206921185164002 -0.0231310732126662 -0.0259981370406415 -0.0304529146804182 -0.0341847270090841 -0.0388219831402343 0 0 0 0 0 0 0 0 0 0.0285189444210354 NA
PO4+NH4+BCC 0.00437937932211308 0.00481896497471368 0.00525178538044913 0.00573020862534379 0.0060434862026616 0.00678107511667825 0.00729959535319613 0.00788076973952756 0.00746745633820467 0.00691606847534398 0.00643096573310231 0.00910835585772718 0.00878249889793259 0.0130282003721326 0.016569173656604 0.00932217464851304 0 0 0.00223005939509102 0.0224688180620976 NA
All 0.00301005830337553 0.00299850376847144 0.00319090600352001 0.0035087726233427 0.00402040827489591 0.00433670253786023 0.00501157690095066 0.00610927979429499 0.0081174951620584 0.00976102068313023 0.0120733950917593 0.012110404587855 0.0143473504297228 0.0125711694014903 0.0163012243721298 0.0168506725000052 0.0295537143743116 0.0155268290868804 0.00956834234611614 0 NA
Unexplained 0.930654383713513 0.925196204210382 0.919931071988953 0.912030915283324 0.904350413792291 0.895866705608704 0.885018974277206 0.871040176629302 0.861101404650252 0.849238687232532 0.835932953589003 0.821072466347758 0.801317371467215 0.794992136031944 0.794033499625317 0.823832161120139 0.808694666518534 0.893781838230115 0.881372223836381 1.07382651703619 NA
