0.01 0.05 0.1 0.15 0.2 0.25 0.3 0.35 0.4 0.45 0.5 0.55 0.6 0.65 0.7 0.75 0.8 0.85 0.9 0.95 0.99
SiO2 0.0140663520637522 0.0256195519683012 0.0535760526865695 0.0535760526865695 0.108621331237651 0.0472735030907367 0.0472735030907367 0.0627918210715344 0.0627918210715344 0.0627918210715344 0.0627918210715344 NA NA NA NA NA NA NA NA NA NA
PO4 -0.0523491202587969 -0.0613755324140544 -0.0655107081397011 -0.0655107081397011 -0.0750273124266235 -0.0756969969400964 -0.0756969969400964 -0.0872872765965965 -0.0872872765965965 -0.0872872765965965 0 NA NA NA NA NA NA NA NA NA NA
NH4 0.0181414231089911 0.0427549409691982 0.010504990027965 0.010504990027965 -0.00316251742265561 -0.00768281391153125 -0.00768281391153125 -0.00316382410057181 -0.00316382410057181 -0.00316382410057181 0 NA NA NA NA NA NA NA NA NA NA
BCC 0.00349189803436667 -0.0416412405158879 -0.0309757355538745 -0.0309757355538745 -0.0345517433876563 -0.054664226491506 -0.054664226491506 -0.0434015196708484 -0.0434015196708484 -0.0434015196708484 0 NA NA NA NA NA NA NA NA NA NA
SiO2+PO4 0.0275126954705864 0.0269015665699712 0.0136033268562906 0.0136033268562906 0.0136140995164084 0.0052497753227031 0.0052497753227031 0.0312602926376117 0.0312602926376117 0.0312602926376114 0.0312602926376114 NA NA NA NA NA NA NA NA NA NA
SiO2+NH4 0.0201662222710779 0.0241442454941201 0.0565376116302306 0.0565376116302306 0.0269264483611452 0.0108727088370724 0.0108727088370724 0.0389703760663995 0.0389703760663995 0.0389703760663994 0.0389703760663994 NA NA NA NA NA NA NA NA NA NA
SiO2+BCC 0.00230556055503206 0.000679180957403713 0.000260947660818411 0.000260947660818411 -0.00150282038550797 -0.00182096255913766 -0.00182096255913766 0.00637340279239584 0.00637340279239584 0.00637340279239584 0.00637340279239584 NA NA NA NA NA NA NA NA NA NA
PO4+NH4 -0.0188187662862668 -0.0113877105261878 -0.0271471397871631 -0.0271471397871631 -0.0481897621329475 -0.0281656901040104 -0.0281656901040104 -0.0414431870112217 -0.0414431870112217 -0.0414431870112217 0 NA NA NA NA NA NA NA NA NA NA
PO4+BCC 0.041175728974993 0.0146754649669073 0.0112009691484087 0.0112009691484087 0.0235195561465464 0.0157171018370833 0.0157171018370833 0.0394061029458498 0.0394061029458498 0.0394061029458496 0.0394061029458496 NA NA NA NA NA NA NA NA NA NA
NH4+BCC 0.0744881699205627 0.0760263223751405 0.103950891200525 0.103950891200525 0.0875297876769655 0.0509580735859443 0.0509580735859443 0.117374543570303 0.117374543570303 0.117374543570303 0.117374543570303 NA NA NA NA NA NA NA NA NA NA
SiO2+PO4+NH4 -0.0224523408818083 -0.0197140457762226 -0.00782564327786617 -0.00782564327786617 -0.0092024068407196 -0.000133515596974387 -0.000133515596974387 -0.0227440294532539 -0.0227440294532539 -0.0227440294532535 0 NA NA NA NA NA NA NA NA NA NA
SiO2+PO4+BCC -0.0236370652562771 -0.030555864621995 -0.0239567239733999 -0.0239567239733999 -0.0373123266687702 -0.00726277790963414 -0.00726277790963414 -0.0624749393156629 -0.0624749393156629 -0.0624749393156626 0 NA NA NA NA NA NA NA NA NA NA
SiO2+NH4+BCC -0.0473944262008457 -0.0441492648964746 -0.0662312435340904 -0.0662312435340904 -0.0493835180610784 -0.0248646332490596 -0.0248646332490596 -0.0691820944935861 -0.0691820944935861 -0.0691820944935858 0 NA NA NA NA NA NA NA NA NA NA
PO4+NH4+BCC -0.0205465309221783 -0.0324917018832968 -0.0139408261181386 -0.0139408261181386 -0.0458038706924736 0.000350172787051184 0.000350172787051184 -0.0806704467952377 -0.0806704467952377 -0.0806704467952377 0 NA NA NA NA NA NA NA NA NA NA
All 0.0278612343153567 0.0370458511971792 0.0318859242084393 0.0318859242084393 0.0416427515773495 0.00974365988940884 0.00974365988940884 0.0661650550865488 0.0661650550865488 0.0661650550865482 0.0661650550865482 NA NA NA NA NA NA NA NA NA NA
Unexplained 0.955988965091454 0.993468236135898 0.954067306964986 0.954067306964986 1.00228230350237 1.06012662141195 1.06012662141195 1.04802572326634 1.04802572326634 1.04802572326634 1.04802572326634 NA NA NA NA NA NA NA NA NA NA
