0.01 0.05 0.1 0.15 0.2 0.25 0.3 0.35 0.4 0.45 0.5 0.55 0.6 0.65 0.7 0.75 0.8 0.85 0.9 0.95 0.99
SiO2 0.0136594887575958 0.01562318930937 0.0242792694792334 0.0314016127151749 0.0401971669649887 0.0530335683479686 0.0583622251761891 0.0777921623925368 0.0302452904897503 0.0512886801423207 0.0445302028250385 0.0408103826844273 0.0252725752069598 0.0408662387641174 0.0676360019414661 0.0627918210715339 0.0627918210715339 NA NA NA NA
PO4 -0.0164144735005011 -0.0174506031992956 -0.0199271137009545 -0.017396818303003 -0.0242861780385996 -0.0437310185827318 -0.0435708094679516 -0.0470932780949075 -0.0482161466144437 -0.06625920389526 0 0 0 0 0 0 0 NA NA NA NA
NH4 0.00801777223390288 0.00870856638785866 0.0137188343097201 0.0100077967331214 -0.00641320394762801 -0.00814248501904691 -0.007906454460885 -0.0133026208983451 -0.0267228310304377 -0.0209366975520665 0 0 0 0.000532517743679239 0.0340553881169245 0 0 NA NA NA NA
BCC -0.000395630448941198 0.00231693615431572 -0.000516522990420598 0.00105467458395292 -0.00447699161078852 -0.00150415946339144 0.00103534750604362 -0.00737063596709742 -0.00693888035037116 -0.0450134237870604 0 0 0 0 0 0 0 NA NA NA NA
SiO2+PO4 0.0141146858822707 0.014021768363733 0.015111527385918 0.0193483819871964 0.0188431275657586 0.0252529788115946 0.0123165919440914 0.0135925431078289 0.0233142781305941 0.0132583497666728 0.0108234408683309 0.00914585480510621 0.0189282148058586 0.0264867218984304 0.0253345128415399 0.0312602926376117 0.031260292637612 NA NA NA NA
SiO2+NH4 0.00138441200618622 -5.05360333346028e-05 0.00290906953695003 0.00431054180390444 0.0149394843359435 0.0269455226302404 0.0302629835214087 0.0417227225045552 0.0251862898176273 0.0301385132919334 0.0277802034611131 0.0195175175664343 0.0307627319504532 0.0326744615273867 0.0370293931537864 0.0389703760663995 0.0389703760664 NA NA NA NA
SiO2+BCC 0.00055693199391782 0.00041525906368145 -0.000140611157847026 6.8781395578088e-05 0.00131178581612401 0.0013319036576499 0.000858505869497872 0.000648429545512363 0.00205111596967777 -2.26244792308483e-05 0 0 0.00101883557482396 0.00117334486487053 0 0.00637340279239629 0.00637340279239629 NA NA NA NA
PO4+NH4 0.0100753159742984 0.00947413175328649 0.011592704813612 0.0119619150335701 0.0203098837808321 0.0169206804095611 0.026209684488295 0.0150938487434547 0.0203964626596683 -0.0147473455602066 0 0 0 0 0 0 0 NA NA NA NA
PO4+BCC 0.0350540521015358 0.0378143099461182 0.041485985372371 0.0492119221741683 0.0552921682681825 0.0617322886473843 0.047555505779363 0.0265948926036377 0.0387954511228855 0.0554589133753408 0.0201390961306971 0.0216238911566357 0.0318969917442287 0.0461046814154413 0.0334837291280614 0.0394061029458498 0.0394061029458501 NA NA NA NA
NH4+BCC 0.0331792626850458 0.0351250442653041 0.0409814034501292 0.0482628755595554 0.0634468509728731 0.0747569966951467 0.0656271650200437 0.0666641531133384 0.0551184396115391 0.0460064728608772 0.046490186386601 0.032317241020581 0.0501430366745711 0.0707161663418522 0.0715269999862337 0.117374543570303 0.117374543570304 NA NA NA NA
SiO2+PO4+NH4 -0.0168561377773556 -0.0170978946022718 -0.0190739694820181 -0.0241055878057069 -0.0256228006855989 -0.0308030012106467 -0.0201959276168124 -0.0182350247651171 -0.0253002941393574 -0.0140344233135219 0 0 0 0 0 0 0 NA NA NA NA
SiO2+PO4+BCC -0.0113301392831202 -0.0119758404974135 -0.014331169124481 -0.0159545594395401 -0.0193209374485699 -0.022189517526592 -0.0246530273301253 -0.0281316234003901 -0.00745860743317783 -0.00930475392120944 0 0.00725792997799191 0 0 0 0 0 NA NA NA NA
SiO2+NH4+BCC -0.0214809516395283 -0.0224368358455972 -0.0268432980319152 -0.0319189956369702 -0.0423442807325753 -0.0522685029794926 -0.0469590309986792 -0.0471182627425196 -0.0374969417147605 -0.0364276418498317 0 0 0 0 0 0 0 NA NA NA NA
PO4+NH4+BCC -0.0036059251773215 -0.00316841630199016 -0.00468141058829141 -0.00593025152279414 -0.00341291985385173 -0.00808998731315291 -0.00880476051949242 -0.02256988726128 0.009066529586644 -0.0101066114743881 0 0.0191492931571631 0 0 0 0 0 NA NA NA NA
All 0.0100082079423452 0.0101310301618297 0.0124655159727098 0.0148284483805012 0.0169781465919352 0.02206679153314 0.0205190516631286 0.0286533320576903 0.0101374591979003 0.010552074210925 0.0127143225868726 0 0.0143613285144735 0.0268012817890639 0.0267299318538512 0.0661650550865488 0.0661650550865488 NA NA NA NA
Unexplained 0.944033128249669 0.938549891074406 0.922969784755284 0.904849262341291 0.894558698020974 0.884687941362369 0.889342949425885 0.913059249061102 0.937822384696262 1.01014972218471 1.05634528670568 1.03895815528838 1.05364406235866 1.02635224597197 0.973423436146971 1.04802572326634 1.04802572326634 NA NA NA NA
