0.01 0.05 0.1 0.15 0.2 0.25 0.3 0.35 0.4 0.45 0.5 0.55 0.6 0.65 0.7 0.75 0.8 0.85 0.9 0.95 0.99
SiO2 -0.0164706473939472 -0.0191522743311561 -0.0118291420435468 -0.00777095318978938 0.00354747534138566 -0.0033206134082816 0.00865359562210211 0.0159522630525504 0.0507064582093444 -0.00285746800657427 0.0146985153634753 0.0431866433375125 0.0627918210715344 0.0627918210715344 NA NA NA NA NA NA NA
PO4 -0.0296045882000987 -0.032121310945306 -0.0374352147856666 -0.0477146736234196 -0.0570687329265457 -0.0579587434631142 -0.0701890293689148 -0.0686332426897398 -0.084234505163055 -0.0880515642450317 0 0 0 0 NA NA NA NA NA NA NA
NH4 0.0236780871315554 0.0282607290871819 0.0170422337380861 0.0299852038367724 0.0055463160363598 -0.00326602276682675 -0.00198958814785266 0.00469762552761099 -0.0294176857617856 -0.0389676915587636 0 0.00451904878999954 0 0 NA NA NA NA NA NA NA
BCC 0.00426848400590341 -0.00514446259761348 -0.00392619629817437 -0.0028485493818915 -0.0013088628222675 -0.0120728917130422 -0.0493884581423446 -0.0525636041456383 -0.0499272588297874 -0.0665084411806842 0 0 0 0 NA NA NA NA NA NA NA
SiO2+PO4 0.0168733428160507 0.0195706264817901 0.0199093714541078 0.0230412645545411 0.0255990338429001 0.0178821999746241 0.0137644267807614 0.00538365256641671 0.0152514728049561 0.0123385997711114 0.0244366569967259 0.024862685494314 0.0312602926376114 0.0312602926376114 NA NA NA NA NA NA NA
SiO2+NH4 0.00671077762821437 0.00644343726612906 0.0157468606938204 0.0269052160967586 0.0403274472082326 0.0493982903782233 0.0667638352673324 0.0761124076305759 0.0313698696345958 0.025348422498368 0.0439943920270106 0.0489696639599929 0.0389703760663994 0.0389703760663992 NA NA NA NA NA NA NA
SiO2+BCC 0.00206170516155768 0.00234070617255855 0.00333014923033181 0.00288645618743766 0.00452864700744648 0.00448963351846676 0.00412540634744274 0.00428616419434902 0.00396038464819481 0.00600247210500715 0.00831445597498037 0.0068514273969984 0.00637340279239584 0.00637340279239584 NA NA NA NA NA NA NA
PO4+NH4 0.00385750954733799 0.0110824492999931 0.0141952974838089 0.0124392353926575 0.00461964992897257 0.0121376617916666 0.00187693820001067 -0.00935719659129852 -0.0244130888591745 -0.0049536732105484 0 0 0 0 NA NA NA NA NA NA NA
PO4+BCC 0.0746863233115117 0.085805870871536 0.10206046618824 0.0951299189660206 0.0761379759921915 0.0653013489009643 0.0290484183218236 0.0289850783180926 0.0304264898268277 0.0294060875048454 0.049746109764746 0.036348790583912 0.0394061029458493 0.0394061029458493 NA NA NA NA NA NA NA
NH4+BCC 0.0664867083531405 0.0738184739407078 0.0941525601337593 0.106976530937423 0.102719882732012 0.0925072065648787 0.0722942307473852 0.0635671036399656 0.0654429847569957 0.0416804439001002 0.0741291912874917 0.0915086590664349 0.117374543570303 0.117374543570303 NA NA NA NA NA NA NA
SiO2+PO4+NH4 -0.0201739103463836 -0.0242594806755957 -0.0269820555630269 -0.0281496911615943 -0.0271399084038295 -0.020016455776148 -0.0107432249657632 -0.0028399776675565 -0.0102854650959662 -0.00671969991485244 0 0 0 0 NA NA NA NA NA NA NA
SiO2+PO4+BCC -0.0136060998415495 -0.0159258546143957 -0.0193598291366776 -0.0227095424035176 -0.0248662848718922 -0.0174448632550215 -0.0204400167598581 -0.0292433403571538 -0.0320873834574732 -0.0166272095737092 0 0 0 0 NA NA NA NA NA NA NA
SiO2+NH4+BCC -0.0458971073811562 -0.0508632317992708 -0.0654853086199718 -0.0743898309578183 -0.0724362230606953 -0.0682833620475989 -0.0572995523288461 -0.0569510918756243 -0.0400573376358294 -0.0258353026833087 0 0 0 0 NA NA NA NA NA NA NA
PO4+NH4+BCC 0.00770381073560733 0.00863593695462905 0.012459904770693 0.00958876716630652 -0.00362774464189886 0.00649590079286155 -0.0182121825648097 -0.0410199290799479 -0.0423431565754482 -0.0192639498101652 0 0 0 0 NA NA NA NA NA NA NA
All 0.00881230648963538 0.009930090544364 0.0117072427375167 0.0175675144116887 0.0238339839147199 0.0160518060267507 0.0239008715312354 0.0303801508712789 0.0332316358903985 0.0156083303676187 0.0450191690667019 0.0599527445064033 0.066165055086548 0.0661650550865482 NA NA NA NA NA NA NA
Unexplained 0.910613297982621 0.901578294344448 0.8744136600167 0.859063133168425 0.899587344722908 0.918098904481597 1.0078343294603 1.03124393660612 1.08237658560721 1.13940064403659 1.08355792324839 1.05734544732992 1.04802572326634 1.04802572326634 NA NA NA NA NA NA NA
