0.01 0.05 0.1 0.15 0.2 0.25 0.3 0.35 0.4 0.45 0.5 0.55 0.6 0.65 0.7 0.75 0.8 0.85 0.9 0.95 0.99
Hour -0.0191381146805837 -0.0173045725809947 -0.0194214278820478 -0.0372852692143942 -0.0397162500727235 -0.032242383596422 -0.0266983669237076 -0.0574001573190603 -0.0886540218175965 -0.0907936951873415 NA NA NA NA NA NA NA NA NA NA NA
estimated_years_since_submerged_for_plotting -0.00552352694506864 -0.00251919497946973 -0.00405597572845284 -0.0284962557691696 -0.0332217183145436 -0.0293325039973685 -0.0246664670631815 -0.0460648945585653 -0.0837871034452752 -0.0853866493765201 NA NA NA NA NA NA NA NA NA NA NA
estimated_elevation -0.0188038885631898 -0.016901052902986 -0.018857414183751 -0.0367487666918278 -0.0391138776824698 -0.0318233080192337 -0.026113166076685 -0.0570617200300271 -0.0886364559480797 -0.0907935561344427 NA NA NA NA NA NA NA NA NA NA NA
sample_pH -0.0200043232847575 -0.0197746338542648 -0.0225551206697847 -0.0268809715432954 -0.0303271383900737 -0.012544948477715 -0.00263741919324212 -0.0334182507451511 -0.000124672129628856 -0.0895258229620912 NA NA NA NA NA NA NA NA NA NA NA
Hour+estimated_years_since_submerged_for_plotting 0.272828252430072 0.270728325161717 0.220284773026873 0.15653956161637 0.166619649531024 0.196495573348606 0.132409839812982 0.144854993123448 0.139920184580497 0.1550097448007 NA NA NA NA NA NA NA NA NA NA NA
Hour+estimated_elevation 0.244474701127498 0.242807197182133 0.196102575628274 0.138979818372645 0.15147884303265 0.18057620271353 0.122827691560365 0.134563432669757 0.13800669106093 0.144918677744867 NA NA NA NA NA NA NA NA NA NA NA
Hour+sample_pH 0.00503289948444929 0.00323152461010301 0.00281981135318998 0.0170178765389765 0.0143023183784448 0.00606131254978215 0.00608404471215951 0.02813427795351 0.103263310109273 0.0140627611364351 NA NA NA NA NA NA NA NA NA NA NA
estimated_years_since_submerged_for_plotting+estimated_elevation 0.00301482570985179 0.00285693798959785 0.00323549311258908 0.0049421676359892 0.00539443410548879 0.00345282377787315 0.00226996861486506 0.00699066524808423 0.00682906717736953 0.0138707365573739 NA NA NA NA NA NA NA NA NA NA NA
estimated_years_since_submerged_for_plotting+sample_pH 0.00539522453481078 0.00545352537458155 0.00685383386874483 0.00858524066670796 0.00869181579072997 0.0072286507345416 0.00968474180607237 0.00906739640304111 0.00525135248347997 0.0129810777866094 NA NA NA NA NA NA NA NA NA NA NA
estimated_elevation+sample_pH 0.00269148460541191 0.00246531307600473 0.00269001850797901 0.00441455414985625 0.00484752971682378 0.00283143926775187 0.00119094025446298 0.00660080716042311 0.00681086491463212 0.0138704792113659 NA NA NA NA NA NA NA NA NA NA NA
Hour+estimated_years_since_submerged_for_plotting+estimated_elevation 0.171916699444853 0.163072352844769 0.136673521532364 0.0902087814670294 0.0685911065147166 0.0625607750285568 0.0358629164103352 0.0683235283245616 0.0101370318195344 0.044519655001795 NA NA NA NA NA NA NA NA NA NA NA
Hour+estimated_years_since_submerged_for_plotting+sample_pH -0.156050248622109 -0.157088351743159 -0.116946993296327 -0.0742984201791798 -0.10495401532277 -0.141054571220467 -0.102365998401959 -0.106234463671923 -0.141476832293135 -0.118039176319996 NA NA NA NA NA NA NA NA NA NA NA
Hour+estimated_elevation+sample_pH 0.209357356844201 0.19945927959032 0.166658246097722 0.1097170443503 0.0867505775477038 0.0826647647237916 0.0493922561035445 0.0848087425352575 0.0144408364381096 0.0593550257131752 NA NA NA NA NA NA NA NA NA NA NA
estimated_years_since_submerged_for_plotting+estimated_elevation+sample_pH 0.0498714357384646 0.0584653116032852 0.0687696770916272 0.0849264308725048 0.0597556466265377 0.059110108829185 0.0199359518415752 -0.0316409314368516 -0.0769119325555289 -0.000348368444530678 NA NA NA NA NA NA NA NA NA NA NA
All -0.303433087148312 -0.294394690558377 -0.263453807749717 -0.200145201923473 -0.147173756200971 -0.131091750501592 -0.0640581831612685 -0.0940729978382795 -0.00892567595902927 -0.0732267124894909 NA NA NA NA NA NA NA NA NA NA NA
Unexplained 0.558370309324408 0.55944272918674 0.641202789290718 0.788523409650961 0.828074834739433 0.777107814839181 0.866881249703683 0.942549572181775 1.06385735556445 1.08952582296209 NA NA NA NA NA NA NA NA NA NA NA
